ISS (ZARYA)             
1 25544U 98067A   23055.36715531  .00017001  00000+0  31285-3 0  9996
2 25544  51.6387 167.3561 0005418  22.9195  99.0673 15.49284681384295
AEROCUBE 12A            
1 43556U 18046C   23055.30616910  .00104379  00000+0  13224-2 0  9990
2 43556  51.6307  23.8082 0003431 184.7728 175.3232 15.58641168258270
AEROCUBE 12B            
1 43557U 18046D   23054.99615263  .00057067  00000+0  96324-3 0  9999
2 43557  51.6349  36.6393 0003695 192.8285 167.2611 15.51072429258029
ICS-EF (ISS DEB)        
1 45265U 98067RJ  23054.83215929  .00287185  44651-4  62451-3 0  9991
2 45265  51.6228 103.6745 0006064  32.6113 327.5269 15.97762668171208
ISS DEB                 
1 47853U 98067RZ  23054.49616732  .00025833  00000+0  30714-3 0  9997
2 47853  51.6386 154.4032 0000899 253.7952 106.2942 15.60965183111018
MMSATS-1                
1 47976U 98067SJ  23055.27168209  .00201639  00000+0  70409-3 0  9996
2 47976  51.6314 123.0888 0004985   1.1015 106.7483 15.88194599109771
CSS (TIANHE)            
1 48274U 21035A   23055.28861563  .00016711  00000+0  19393-3 0  9993
2 48274  41.4748 124.4452 0004617 309.7127 125.3013 15.61382156104170
ISS (NAUKA)             
1 49044U 21066A   23054.72618734  .00016796  00000+0  30944-3 0  9999
2 49044  51.6389 170.5293 0005299  20.5920 124.1064 15.49261473384190
FREGAT DEB              
1 49271U 11037PF  23054.88979795 -.00001106  00000+0 -35052-2 0  9997
2 49271  51.6374 261.1375 0934130 195.8825 161.0755 11.99623062 77260
KITSUNE                 
1 52148U 98067TK  23055.28557458  .00366316  62592-4  10448-2 0  9991
2 52148  51.6288 137.4494 0006276   8.8418  95.8617 15.92700381 52687
CSS (WENTIAN)           
1 53239U 22085A   23054.65868583  .00016786  00000+0  19494-3 0  9999
2 53239  41.4748 128.2815 0004723 306.6360 182.9603 15.61361178104079
HSU-SAT1                
1 53462U 98067UB  23054.70581653  .00523464  11924-3  14805-2 0  9993
2 53462  51.6270 151.8343 0007070 357.6907   2.4066 15.92811783 30555
D3                      
1 53767U 98067UE  23054.61173261  .00186231  00000+0  11763-2 0  9999
2 53767  51.6308 158.7937 0003688 336.4141  23.6689 15.75508355 26578
BEAVERCUBE              
1 53768U 98067UF  23054.82586371  .00174663  00000+0  11441-2 0  9992
2 53768  51.6330 157.9816 0004354 345.4638  14.6235 15.74705937 26619
CLICK-A                 
1 53769U 98067UG  23054.97338233  .00173640  21973-4  59360-3 0  9995
2 53769  51.6414 150.7436 0007027 342.2603  17.8157 15.89364660 26729
ISS DEB                 
1 53772U 98067UK  23054.67332009  .01896679  30926-2  18349-2 0  9993
2 53772  51.6213 151.5795 0010561 350.8598   9.2223 16.11574551 26673
SOYUZ-MS 22             
1 53879U 22116A   23054.72618734  .00016796  00000+0  30944-3 0  9997
2 53879  51.6389 170.5293 0005299  20.5920 124.1064 15.49261473384191
CREW DRAGON 5           
1 53963U 22124A   23054.72618734  .00016796  00000+0  30944-3 0  9990
2 53963  51.6389 170.5293 0005299  20.5920 124.1064 15.49261473384195
CSS (MENGTIAN)          
1 54216U 22143A   23054.65868583  .00016786  00000+0  19494-3 0  9990
2 54216  41.4748 128.2815 0004723 306.6360 182.9603 15.61361178104075
CYGNUS NG-18            
1 54232U 22149A   23054.72618734  .00016796  00000+0  30944-3 0  9997
2 54232  51.6389 170.5293 0005299  20.5920 124.1064 15.49261473384195
TIANZHOU-5              
1 54237U 22152A   23054.65868583  .00016786  00000+0  19494-3 0  9993
2 54237  41.4748 128.2815 0004723 306.6360 182.9603 15.61361178104078
SHENZHOU-15             
1 54379U 22162A   23054.65868583  .00016786  00000+0  19494-3 0  9991
2 54379  41.4748 128.2815 0004723 306.6360 182.9603 15.61361178104075
1998-067UL              
1 54534U 98067UL  23055.31401620  .00115497  00000+0  12614-2 0  9995
2 54534  51.6364 164.2642 0005752  13.5748 346.5400 15.62456568 13127
1998-067UM              
1 54535U 98067UM  23055.34762324  .00144695  00000+0  14401-2 0  9998
2 54535  51.6387 163.5977 0006175   4.8891  60.2906 15.64703894 13139
1998-067UN              
1 54536U 98067UN  23055.35071638  .00097182  00000+0  11200-2 0  9993
2 54536  51.6417 164.3770 0005297  21.5611  43.7455 15.61151638 13083
1998-067UP              
1 54537U 98067UP  23055.26187152  .00115255  00000+0  12531-2 0  9993
2 54537  51.6398 164.4782 0005375  19.4208  68.7761 15.62576119 13118
XW-4 (CAS-10)           
1 54816U 21035C   23055.36744775  .00425157  00000+0  15754-2 0  9990
2 54816  41.4761 117.9943 0017128  57.4910 302.7586 15.85984070 10614
MARIO                   
1 55123U 98067UQ  23054.90124448  .00117401  00000+0  13514-2 0  9991
2 55123  51.6400 167.5157 0005420   0.0805   0.0188 15.61092079  8858
NUTSAT                  
1 55124U 98067UR  23054.77363275  .00232279  00000+0  21366-2 0  9995
2 55124  51.6364 167.4051 0008466 351.5599   8.5253 15.66355429  8837
LORIS                   
1 55125U 98067US  23054.74114077  .00100916  00000+0  12661-2 0  9997
2 55125  51.6385 168.6907 0004365  17.0025 343.1113 15.58912254  8835
ORCASAT                 
1 55126U 98067UT  23054.56685262  .00082145  00000+0  10913-2 0  9998
2 55126  51.6391 169.7788 0003876  25.8174 334.3011 15.57484268  8804
TJREVERB                
1 55128U 98067UV  23055.33119167  .00095747  00000+0  12209-2 0  9994
2 55128  51.6384 165.8824 0005954  24.5104 335.6171 15.58497804  8918
SPORT                   
1 55129U 98067UW  23054.87444944  .00045802  00000+0  67914-3 0  9998
2 55129  51.6396 168.8301 0003957  24.3496 335.7682 15.54761879  8839
PETITSAT                
1 55130U 98067UX  23054.84011228  .00199236  00000+0  21107-2 0  9996
2 55130  51.6373 167.8503 0008417 355.1784   4.9128 15.62903437  8792
SS-1                    
1 55181U 98067UY  23054.62415897  .00120404  00000+0  14719-2 0  9990
2 55181  51.6385 169.4080 0008630 354.7152   5.3748 15.59481163  7515
HSKSAT                  
1 55182U 98067UZ  23054.71745767  .00075487  00000+0  10198-2 0  9990
2 55182  51.6389 169.2804 0006861 352.8543   7.2350 15.57054171  7534
OPTIMAL-1               
1 55183U 98067VA  23054.86103729  .00058478  00000+0  83251-3 0  9995
2 55183  51.6398 168.7433 0005310  50.5239 309.6221 15.55759043  7555
ISS DEB (SPX-26 IPA FSE)
1 55448U 98067VB  23049.67606875  .00061720  00000+0  10196-2 0  9993
2 55448  51.6420 195.4020 0007106   4.4732  94.5427 15.51623206  2791
PROGRESS-MS 22          
1 55560U 23018A   23054.72618734  .00016796  00000+0  30944-3 0  9998
2 55560  51.6389 170.5293 0005299  20.5920 124.1064 15.49261473384190
SOYUZ-MS 23             
1 55688U 23024A   23055.43966201 -.00003468  10965-4  00000+0 0  9995
2 55688  51.6370 167.4229 0022783 343.7474 339.9559 15.86097966    45
SL-4 R/B                
1 55689U 23024B   23055.37942626 -.00003799  12010-4  00000+0 0  9994
2 55689  51.6648 167.7306 0021489  60.5789 307.1797 16.25200244    60
